  3235
190.263796 66.108858
190.032945 66.159339
189.666487 66.154251
189.802105 66.188534
189.614453 66.298932
189.277448 66.242147
189.442235 66.324138
188.510083 66.685008
188.509932 66.748446
188.205703 66.96382
187.015243 67.03361
187.431342 66.956643
187.185464 66.922526
186.788344 66.989222
186.660164 66.917845
186.736718 66.862647
186.585676 66.847733
186.55481 66.962639
186.747129 67.086346
186.538782 67.081636
186.209032 67.140884
186.229974 67.105352
185.741163 67.11675
185.291856 67.076826
185.318516 67.05864
185.564014 67.078882
185.401519 67.030646
185.47619 67.020668
185.625876 67.038739
185.557626 67.001964
185.858255 66.95004
185.930149 66.706764
185.637037 66.597615
185.624313 66.536586
185.762626 66.558218
186.020834 66.515744
186.177771 66.408722
185.922265 66.24492
185.838765 66.301263
185.906755 66.328561
185.886968 66.480603
185.730737 66.483005
185.499702 66.304653
185.378359 66.446698
185.456978 66.506463
185.001336 66.637825
185.000835 66.721268
185.164619 66.734611
185.144164 66.934724
184.953289 67.066086
184.977785 67.23139
185.061674 67.294195
185.123063 67.256404
185.117871 67.30823
184.950406 67.445174
184.681433 67.352206
184.521695 67.351318
184.697099 67.452124
184.707838 67.572916
184.539984 67.697944
184.082924 67.798715
183.903709 67.723185
184.168878 67.649055
184.367939 67.511381
184.001689 67.589437
183.922799 67.64408
183.474846 67.689332
183.666059 67.743028
183.818798 67.741097
183.865288 67.859813
183.764434 67.909332
183.56836 67.944203
183.595567 67.906866
183.482009 67.892182
182.999707 68.002315
183.090453 68.021506
183.013109 68.098058
182.811848 68.14862
182.742739 68.112897
182.637119 68.190531
182.727333 68.19048
182.564841 68.246078
182.339682 68.218232
182.27312 68.180189
182.179806 68.249772
182.256793 68.277158
182.223542 68.311368
182.029267 68.304303
181.934981 68.255033
181.846283 68.279174
181.943514 68.338601
181.779576 68.444594
181.137802 68.55938
181.108265 68.645299
180.97834 68.731744
180.563504 68.833876
180.40757 68.928844
180.204157 68.887303
179.904731 68.95149
179.62988 68.961342
179.454419 69.069248
179.720516 68.99559
179.704735 69.039908
179.046695 69.269373
179.020851 69.267964
178.963325 69.264257
178.799053 69.298705
178.968846 69.324272
178.625829 69.415743
178.19665 69.449164
178.048425 69.433697
177.548767 69.549419
176.291502 69.739626
175.875739 69.899796
175.119762 69.835653
174.02425 69.875855
173.572803 69.815255
173.468212 69.885939
173.222563 69.907887
173.078781 69.876375
173.222812 69.848885
173.262849 69.861351
173.321482 69.792538
173.092049 69.750317
173.152774 69.802633
172.785671 69.865871
172.561468 69.940078
172.349024 69.933773
171.262038 70.050022
170.32436 70.123846
170.373766 70.044394
170.443845 70.029567
170.419963 69.712157
170.123813 69.701534
169.981064 69.585057
170.071895 69.53011
170.43956 69.563801
170.677373 69.389425
170.668129 69.321997
170.731183 69.319193
170.94759 69.086075
170.612127 68.92758
170.615163 68.802328
170.531695 68.81889
170.509395 68.887696
170.346531 68.858633
170.507482 68.69304
170.362203 68.748927
170.213056 68.775066
169.527707 68.748629
169.315856 68.869268
169.394069 68.94455
169.239255 69.056866
168.962958 69.081495
168.580102 69.180993
168.142925 69.23608
168.167912 69.552619
167.89852 69.640513
167.957606 69.688544
167.725643 69.779596
167.472025 69.712141
167.204938 69.551695
166.710568 69.492033
166.416146 69.510368
166.167458 69.50364
165.62417 69.582447
165.427072 69.559738
165.020412 69.576716
164.56798 69.548285
164.088129 69.768384
163.789352 69.665227
163.317215 69.693549
162.803785 69.636634
162.617312 69.664226
162.340139 69.662058
162.145899 69.624591
161.566192 69.384538
161.479369 69.257207
161.385768 69.2226
161.301818 69.38919
161.356137 69.496306
161.296138 69.520075
161.060189 69.431644
161.117858 69.309207
161.046679 69.219985
160.936111 69.414339
161.028509 69.60476
160.638415 69.643846
160.506923 69.676707
160.345698 69.63134
160.249081 69.673959
159.853579 69.763292
159.826212 69.717403
159.657867 69.674987
159.722203 69.802007
159.697213 69.906362
159.870725 70.037552
159.896362 70.0916
159.674697 70.099527
159.956954 70.15246
160.031581 70.27264
159.901616 70.494061
159.69573 70.662966
159.091761 70.831418
158.214904 70.989056
157.043517 71.066638
155.801381 71.065866
155.572861 70.980515
155.622764 71.032958
155.057502 70.994791
153.954928 70.870182
153.38766 70.846687
153.262273 70.808367
152.778476 70.823179
152.385571 70.819375
152.158673 70.87176
151.758079 70.910129
152.079424 70.93901
152.077809 70.984037
151.746864 71.132034
151.518285 71.293092
151.166506 71.34675
150.964437 71.356221
150.673723 71.268011
150.798148 71.376294
150.78644 71.420448
150.665866 71.395046
150.349153 71.2401
150.261709 71.235776
150.2442 71.259693
150.443388 71.360338
150.651794 71.436731
150.617267 71.484628
150.521255 71.504471
150.196137 71.494056
150.045022 71.477544
150.103858 71.558827
150.051165 71.620889
149.780714 71.599312
149.566319 71.60404
149.214242 71.657697
148.860123 71.631805
149.033208 71.694691
148.893105 71.777438
149.267213 71.758482
149.47578 71.832844
149.487638 71.789559
149.722375 71.727231
149.899279 71.749156
150.144192 71.908643
149.845006 72.063911
148.580637 72.262751
147.205065 72.280593
146.269127 71.788188
145.426663 71.604366
144.940291 71.676908
144.983282 71.723897
145.276017 71.791484
145.126123 71.829666
145.081765 71.896015
145.352139 71.833092
145.76508 71.881546
145.78049 72.017921
145.652116 72.036197
145.767863 72.146879
145.716694 72.192059
145.786886 72.212208
145.893485 72.18502
145.887745 72.125
146.021904 72.18436
146.002004 72.025275
146.23696 72.120089
146.334388 72.085962
146.239286 72.031275
145.993637 72.003985
145.995776 71.824597
146.26762 71.923889
146.733182 72.152846
146.896933 72.260869
145.989123 72.268984
145.098311 72.239882
144.701229 72.16177
144.63337 72.112143
144.266796 72.181817
144.275789 72.222723
144.392293 72.240384
144.481811 72.209904
144.609234 72.23922
144.86597 72.38998
144.995343 72.404502
145.447317 72.315479
146.956592 72.304512
146.167274 72.452466
144.758961 72.598175
143.189555 72.687709
141.877912 72.7178
141.274223 72.846223
140.821182 72.870596
140.854917 72.777668
141.160703 72.626205
140.905534 72.465077
139.690971 72.471991
139.216095 72.281096
139.240365 72.164442
139.568358 72.098557
139.690197 72.201377
140.305705 72.163727
140.212253 72.10108
140.066978 72.121455
139.624197 71.944649
139.485667 71.952169
139.86569 71.777985
139.886555 71.551501
140.093161 71.492475
139.956559 71.426502
139.566281 71.46523
139.341306 71.358432
139.213387 71.402368
139.282172 71.444762
139.097844 71.552237
138.810589 71.59672
138.674803 71.541251
138.486356 71.542818
138.496431 71.573156
138.245784 71.538823
137.993326 71.383647
138.115674 71.31518
138.349849 71.287758
138.121632 71.284307
138.12017 71.249593
138.332968 71.215728
138.276819 71.195171
137.910306 71.212594
137.879827 71.162484
138.180702 71.115641
138.244346 71.072551
138.117709 71.061548
137.763825 71.157034
137.746599 71.22503
137.579889 71.205747
137.584704 71.298566
137.39778 71.342052
137.361272 71.322715
136.811509 71.499601
136.714528 71.412381
136.5384 71.524101
136.04951 71.626742
135.565495 71.552718
135.595273 71.497059
135.420594 71.516948
135.146446 71.508007
134.967978 71.433854
134.825906 71.269312
134.822539 71.364095
134.192712 71.357392
133.758271 71.404156
132.913816 71.875331
132.528757 71.693254
131.605381 70.72968
131.333641 70.635254
131.115204 70.707744
131.053253 70.947404
130.723697 70.818449
130.414946 70.909339
130.290968 71.017982
129.928919 71.037522
129.954207 71.139682
129.280956 71.573302
129.093112 71.518447
129.055007 71.649697
129.739716 71.672856
129.254801 71.939365
129.254548 71.728152
128.954334 71.732332
128.536681 72.040846
127.895826 72.330084
128.712213 72.173592
128.671921 72.101679
128.914546 72.049284
129.483421 72.061701
129.697213 72.108175
129.66258 72.320132
129.240618 72.44941
128.984197 72.408196
129.07882 72.613217
129.490023 72.630031
129.116445 72.736024
129.583602 72.798043
129.261202 73.085267
128.942688 73.008842
129.099641 73.165461
128.491207 73.213112
128.512509 73.310335
128.207551 73.298368
128.211029 73.390297
128.055515 73.410673
127.623801 73.421686
127.437366 73.490197
127.101733 73.480347
127.171352 73.412104
126.699234 73.322508
126.357837 73.37682
126.599207 73.441132
126.414962 73.513004
125.739421 73.369934
125.816396 73.468982
125.749068 73.535942
125.667966 73.488962
125.54657 73.535114
125.451514 73.489747
125.453076 73.639244
125.278217 73.659373
125.237236 73.597899
124.885111 73.699096
124.546111 73.761283
124.459938 73.734178
124.179941 73.589408
123.903244 73.568419
123.681972 73.650526
123.475416 73.505033
123.474449 73.330452
123.6235 73.132268
123.546234 72.922248
123.161656 72.889038
122.783111 72.990016
122.535315 72.907407
121.027344 72.903522
119.951225 72.957398
119.934639 72.901713
119.59947 73.025015
118.77871 73.118148
118.507509 73.242919
118.643884 73.428214
119.121183 73.397396
119.206906 73.435172
118.579724 73.537798
117.484589 73.559038
116.593634 73.647009
116.287873 73.638486
115.668166 73.688772
115.265365 73.648036
114.978435 73.557086
114.280788 73.552672
113.70975 73.499043
113.691927 73.416317
113.962018 73.295093
114.125685 73.315231
114.152984 73.276232
113.683189 73.19806
113.692951 73.257983
113.318376 73.424469
113.559075 73.545237
113.391828 73.789915
113.063897 73.936314
112.990882 73.924106
113.051554 73.702369
112.805411 73.644115
111.997842 73.678012
111.613166 73.741477
111.461019 73.809123
111.468718 73.945218
111.705866 73.96367
111.640021 74.015517
111.374777 74.005257
111.00005 73.886598
110.469359 73.975295
110.110823 73.96774
109.565846 73.709275
109.870853 73.604497
109.87901 73.668676
110.15677 73.638357
110.825255 73.730706
111.019614 73.707779
110.963235 73.60647
109.745992 73.413914
109.419385 73.501075
109.29791 73.47603
109.509785 73.393788
109.006648 73.28044
108.373379 73.285829
108.202606 73.188575
107.266434 73.100189
106.518337 73.143393
106.253301 73.052181
106.383155 72.952466
105.693324 72.730159
105.360533 72.749564
105.680162 72.822006
106.186858 73.189039
106.998996 73.317391
107.282367 73.5266
107.17904 73.566445
108.097775 73.579116
109.014026 73.926528
109.48178 73.998179
110.074628 74.225174
109.736581 74.250552
111.157115 74.51251
111.57697 74.640993
112.016483 74.607816
112.12277 74.732733
113.147762 74.963371
113.98759 75.316133
113.71728 75.344472
113.952928 75.399121
113.899184 75.476601
113.563164 75.46446
113.271857 75.605319
113.046817 75.505325
112.970112 75.701996
112.636832 75.80896
113.690953 75.629858
113.723476 75.523373
113.926354 75.600895
114.096638 75.812976
114.00393 75.887891
113.837289 75.89446
113.750788 75.819882
113.630855 75.930921
113.75487 75.950034
113.578694 76.163981
113.203466 76.224733
113.110046 76.199136
113.42513 76.109
113.152478 76.099446
113.022408 76.024573
112.955657 76.153273
112.760204 76.185937
112.934175 76.221668
112.935114 76.307546
112.424569 76.442953
112.079725 76.312576
112.124416 76.400929
112.328077 76.48909
111.696881 76.667369
111.292535 76.654164
111.286389 76.714528
110.710513 76.72814
109.907193 76.628835
109.861802 76.694975
109.55092 76.742658
108.746648 76.697651
108.035464 76.718926
108.185647 76.622726
107.805477 76.505061
106.619574 76.496725
106.91844 76.627822
106.970007 76.724302
107.134869 76.715612
107.519777 76.886859
107.497351 76.942505
106.923312 77.023397
106.703178 76.98184
106.253185 77.040922
105.786505 76.959023
106.063422 77.122769
105.431441 77.064217
104.322771 77.091616
104.800951 77.162011
105.252389 77.163519
105.775581 77.316222
106.314483 77.380798
105.949784 77.557687
105.500994 77.541027
105.033557 77.588007
104.945249 77.687754
104.560998 77.661678
104.482177 77.735953
103.633186 77.6282
103.433735 77.666966
102.758801 77.529709
102.419963 77.345305
102.287337 77.36908
101.511794 77.122525
100.966468 76.864338
101.296849 76.73562
101.183347 76.530735
102.27761 76.365236
101.295779 76.40946
101.033691 76.47644
100.546939 76.440822
98.960419 76.474003
99.135881 76.328849
99.776481 76.203196
99.986441 76.080384
99.84504 76.009469
99.628256 76.075131
99.276052 76.121871
99.363556 76.163258
98.836473 76.217856
98.031963 76.086614
98.203592 76.076645
98.153943 76.044295
97.848185 76.055278
97.65652 76.021443
97.855449 76.005138
97.809013 75.956768
97.489093 75.953483
97.285183 75.898674
97.312683 75.994878
96.931662 75.846336
96.545933 75.829563
96.684408 75.927481
96.504803 75.975157
96.310219 75.892262
96.019808 75.876011
96.128723 76.050476
95.911197 76.042266
95.119846 76.191162
94.80198 76.158301
94.466966 76.188488
94.535612 76.164745
94.323088 76.108193
94.140251 76.159176
93.563798 76.167165
93.624972 76.091013
93.242801 76.077479
93.245354 76.143713
93.035433 76.13856
92.983115 76.066487
92.855325 76.124869
92.738349 76.108136
92.705388 75.922298
92.877403 75.974755
92.886276 76.020644
93.120381 76.003733
93.239606 75.915388
93.329612 75.98146
93.664091 75.948225
94.051932 75.990941
93.828719 75.924556
92.260624 75.816386
91.553918 75.786073
91.424049 75.672113
90.97002 75.666268
90.969634 75.702902
90.271685 75.632369
89.985631 75.651492
89.807335 75.598734
89.949604 75.542246
89.675548 75.556837
89.515872 75.504535
89.621756 75.483506
89.3058 75.482201
89.295582 75.53005
89.047209 75.528918
87.885714 75.147339
87.370533 75.198313
86.922745 75.196334
86.750071 75.152615
86.885372 75.104194
87.10381 75.117811
87.624156 75.070039
87.418577 74.999789
87.211415 75.058604
86.879708 74.881862
86.866825 74.779409
86.653309 74.645274
86.251871 74.815327
85.879224 74.880049
85.839951 74.775715
85.575001 74.730077
85.673942 74.675543
86.069534 74.665972
86.593691 74.588774
86.540773 74.534924
86.710027 74.491009
86.976451 74.507751
87.093263 74.405334
86.846605 74.324964
86.662211 74.381927
86.716564 74.433518
86.208336 74.483818
85.98379 74.466266
86.060022 74.394167
85.779197 74.421807
85.764808 74.374545
86.000102 74.318802
86.43307 74.278818
86.598577 74.130721
87.17562 74.093111
87.252793 74.034868
86.824049 74.08084
86.921839 73.919732
87.174237 73.797233
86.88373 73.626196
85.784295 73.565864
86.821657 73.830876
86.695763 73.914017
85.374312 73.842198
85.158258 73.737852
84.730432 73.791487
82.644949 73.692709
80.330037 73.652451
80.41322 73.522254
80.189268 73.393652
80.39775 73.253449
80.15674 73.227203
80.522059 73.181593
80.234919 73.139435
80.489433 73.110072
80.631794 72.968906
80.445909 72.791355
80.631771 72.462714
81.410593 72.416313
82.081784 72.313689
82.023683 72.153581
82.501424 71.911931
83.12447 71.906739
83.458273 71.706409
82.899014 71.138505
83.287494 70.964948
83.567601 70.557822
83.365687 70.363133
82.813211 70.366953
83.035821 70.145094
84.136969 69.724585
84.221024 69.596249
83.97223 69.596468
83.821262 69.714483
83.312171 69.745495
83.064462 70.039856
82.478136 70.179908
82.790541 70.507983
82.873528 70.885554
82.661772 70.962584
82.224771 70.638512
81.980193 71.239621
82.645751 71.403138
83.029305 71.711664
82.649282 71.799893
81.439225 71.710545
80.492756 72.068975
80.676851 72.119167
80.291846 72.166193
79.401473 72.399053
78.436321 72.438543
78.346175 72.386271
78.271462 72.428777
77.88514 72.398069
77.540963 72.258258
77.347848 72.268548
77.372799 72.189588
77.203649 72.115747
77.622458 72.132679
78.084187 72.028776
77.853891 71.884359
77.421836 71.870719
77.261237 71.944232
76.798564 72.065716
76.834503 72.108311
76.398632 72.092542
75.868688 71.987237
76.241921 71.583902
77.315542 71.34232
77.301221 71.383945
77.553301 71.302005
77.569922 71.342273
77.776298 71.360545
77.723648 71.397845
77.806662 71.373504
77.757451 71.286524
78.039455 71.315372
78.086279 71.124243
78.346018 71.078669
78.265065 71.131968
78.372488 71.117415
78.380287 71.072855
78.233194 70.982573
78.284122 70.952325
78.607444 70.978145
78.606779 71.030597
78.892206 71.037393
78.83337 70.957181
78.251505 70.905673
77.627063 71.166357
76.943947 71.198492
76.82869 71.129603
76.553843 71.251438
76.003552 71.228824
75.971687 71.19832
75.21158 71.366175
75.146903 71.479616
75.339326 71.518155
75.319983 71.695502
75.074858 71.974081
75.272295 72.024919
75.551101 72.318077
75.377829 72.431057
75.393978 72.578647
75.542326 72.59117
75.177321 72.74994
75.278541 72.846862
74.858625 72.936165
74.621367 72.866454
74.835288 72.721493
74.916845 72.358748
74.282374 71.982369
74.094396 72.004851
73.473559 71.892242
73.401657 71.71567
72.974417 71.453531
73.588806 71.163912
73.927548 70.834915
74.234546 70.678351
74.208732 70.52818
73.79545 70.272826
73.602586 70.172059
73.706337 70.125445
73.58056 69.88427
73.401143 69.703583
73.700714 69.538578
73.684848 69.190483
73.804353 69.107572
74.293033 69.17129
74.661649 69.084794
75.008344 69.123822
75.360647 69.267231
75.975659 69.236107
76.454855 69.130013
76.535127 69.142877
76.712003 69.050047
77.447551 68.920015
77.570068 68.738558
77.523631 68.6199
77.673799 68.526098
77.796994 68.553565
77.82235 68.5112
77.672897 68.442037
77.700292 68.397537
77.796352 68.376106
77.869098 68.394844
77.993686 68.283517
77.879288 68.240384
77.522834 68.240547
77.273166 68.1025
77.404094 67.929821
77.31339 67.869867
77.351664 67.764391
77.658393 67.770969
77.774952 67.702174
78.071636 67.690051
78.224275 67.656851
78.243649 67.728668
78.419941 67.660053
78.311542 67.634432
78.39695 67.621313
78.563383 67.658908
78.831958 67.611086
78.743088 67.561926
78.602866 67.59698
78.238128 67.553373
78.04707 67.574392
77.906002 67.551401
77.716426 67.584269
77.621851 67.571886
76.963834 67.825795
77.127984 67.852538
77.142226 67.933798
77.006637 68.081834
77.104001 68.279935
77.115707 68.495545
77.0369 68.593586
76.863575 68.578225
76.529188 68.811547
76.55949 68.928921
76.38455 69.02665
75.757668 68.971951
75.392533 68.895244
75.09074 68.879916
74.356173 68.735804
74.245673 68.475227
74.187846 68.437309
74.567524 68.193183
74.697414 67.985601
74.623053 67.733137
74.433486 67.602024
74.088418 67.519748
73.799618 67.34237
73.832828 67.2496
73.688821 66.996216
73.520893 66.966658
73.369583 66.843758
72.960118 66.768593
72.813831 66.684869
72.328082 66.614291
72.1563 66.544892
72.216532 66.523201
72.331288 66.548067
72.256936 66.342166
71.777987 66.242529
71.171391 66.404015
70.710714 66.39659
70.283577 66.359064
69.295498 66.541551
69.09064 66.642995
69.070371 66.762963
68.994363 66.783525
68.752336 66.789142
68.616954 66.71918
68.251447 66.661118
68.293767 66.763797
68.533114 66.760876
68.954576 66.841553
69.112574 66.826828
69.479959 66.822041
69.845898 66.891661
69.914775 66.791502
70.534973 66.799354
70.576411 66.74192
70.4035 66.637248
70.24628 66.67556
70.159894 66.674408
70.166373 66.615394
70.632115 66.547056
70.934001 66.587643
71.242789 66.710965
71.243799 66.671289
71.436712 66.693429
71.311901 66.932526
71.184097 66.962066
71.237988 66.986622
71.380452 66.949674
71.531227 66.988729
71.633149 66.959404
71.825245 67.057455
71.881524 67.114327
71.761094 67.143136
71.838747 67.164006
71.97627 67.244676
72.067154 67.16852
72.093926 67.212726
72.037492 67.274957
71.92947 67.303615
72.068945 67.37198
72.110504 67.351776
72.209872 67.35372
72.284449 67.418235
72.273425 67.468344
72.53746 67.616043
72.675128 67.636185
72.826067 67.749562
72.932133 67.734668
72.900499 67.828135
72.971978 67.856863
73.005518 67.926266
72.927183 67.997511
72.905242 68.164039
73.000436 68.289949
73.26157 68.367674
73.353067 68.475223
73.472142 68.456664
73.411502 68.619313
72.431166 68.906017
72.299313 69.093021
72.490581 69.54292
72.519986 69.80185
72.303743 70.335532
72.622304 70.535643
72.554168 70.654134
72.656502 70.903438
72.432614 71.073914
72.535413 71.12072
71.686753 71.53885
72.125028 71.727912
72.32396 72.020461
72.567914 72.150207
72.673695 72.542104
72.531378 72.715847
72.588488 72.755488
72.50474 72.798791
72.032959 72.854833
71.79485 72.812803
71.685179 72.850047
71.892595 72.88556
71.4962 72.936139
70.971829 72.933568
70.715956 72.897689
69.440665 72.939451
69.612609 72.992501
69.237692 73.010343
68.886574 72.734873
68.712605 72.40896
68.798705 72.328589
68.647253 72.302331
68.448895 71.9305
67.926367 71.625899
66.921263 71.310621
66.773666 71.155936
66.870323 71.085602
66.553988 70.913015
66.660362 70.793076
67.299996 70.840697
67.204816 70.613474
67.275893 70.454385
67.114281 70.389274
67.120967 70.228752
67.260009 70.092511
67.018231 70.004402
66.919032 70.099138
66.709705 69.792367
66.726482 69.607541
66.826446 69.564758
66.838693 69.63398
67.081993 69.718299
67.837694 69.530444
67.986875 69.595944
68.031865 69.1937
68.377543 68.990033
68.735642 68.956397
68.963559 68.977302
68.946718 68.814772
68.543248 68.390606
68.235958 68.215649
68.119449 68.262176
68.057595 68.403265
67.5643 68.53345
67.648215 68.55216
67.010423 68.808159
66.998984 68.859896
66.267394 68.999773
65.963782 69.084263
65.867334 69.072732
65.680318 69.097403
65.831115 69.148471
65.321365 69.214604
65.150339 69.273627
64.886094 69.290006
64.798705 69.180406
64.693028 69.192495
64.738536 69.332851
64.831544 69.333703
64.571692 69.455589
63.419627 69.706839
62.803603 69.760522
61.596088 69.780268
61.071406 69.896224
60.81717 69.89218
60.679982 69.833345
60.766023 69.774503
60.662559 69.764073
60.61331 69.695503
60.505234 69.708312
60.178598 69.677684
60.168037 69.61782
60.569895 69.30176
60.602296 69.15172
60.723879 69.158975
60.769953 69.199798
60.89749 69.162179
60.911724 68.937788
60.51368 68.738527
60.189635 68.713595
60.013871 68.749417
59.774589 68.673397
59.90278 68.480834
59.682152 68.375728
59.049407 68.464147
59.104314 68.558394
59.018966 68.608269
59.179826 68.657779
59.173079 68.697443
59.451545 68.724019
59.242937 68.872389
58.966266 68.951392
59.100177 68.996363
59.258608 69.000399
59.102344 69.063178
58.624154 68.99981
58.332028 68.91889
58.30109 68.85238
58.4711 68.79924
58.341116 68.776518
58.172737 68.891339
58.040389 68.873422
57.864284 68.776668
57.693968 68.770606
57.405032 68.650959
57.327971 68.562466
56.699085 68.649965
56.394017 68.630515
56.096729 68.689631
55.794408 68.615551
55.402062 68.603599
55.069808 68.466743
54.971405 68.484111
54.876413 68.184203
54.673928 68.222233
54.513522 68.330977
54.369077 68.264297
54.27577 68.268156
54.175883 68.369176
53.978314 68.247813
53.502824 68.298185
53.413449 68.267543
53.319889 68.338677
53.633979 68.420871
53.793513 68.37288
53.87162 68.437711
53.838279 68.568185
53.737451 68.628514
53.967092 68.887891
53.858417 68.908175
53.707624 68.871819
53.619678 68.904104
54.579738 69.033112
53.913132 69.024006
52.72167 68.786191
52.516378 68.689387
52.688604 68.680818
52.548857 68.640032
52.730578 68.486003
52.424456 68.389156
52.189013 68.394544
52.27495 68.475823
52.162133 68.535505
52.05827 68.535238
52.237819 68.607438
52.194736 68.629633
51.671458 68.524772
51.551944 68.461823
50.89349 68.411345
50.541139 68.320523
50.072675 68.129779
49.96742 68.028654
49.903532 68.024891
49.984873 68.105548
49.52771 67.945456
49.059872 67.893673
48.651873 67.959027
48.835841 67.819005
48.807777 67.777511
49.118442 67.634204
48.666918 67.735513
48.509465 67.687122
48.357441 67.731745
48.132357 67.648177
48.079883 67.688674
47.909396 67.583595
47.823241 67.084357
47.51493 66.942556
46.528024 66.830108
46.611471 66.915477
46.106652 66.876541
45.68276 67.023138
45.633068 67.117542
44.994589 67.352203
45.007099 67.456821
45.394556 67.674653
45.341408 67.722356
45.825851 67.814737
46.688869 67.850645
46.561478 68.166846
46.312659 68.249568
45.812942 68.532875
45.139069 68.602604
44.38922 68.573894
43.577297 68.72262
43.350238 68.727798
44.263794 68.301888
44.213306 68.103322
44.378293 68.067288
44.215162 68.010092
44.16263 67.763223
43.793444 67.303194
43.859075 67.236873
44.217112 67.188474
44.506651 66.987224
44.545732 66.873661
44.435932 66.796445
44.634625 66.694904
44.244194 66.416978
44.16638 66.263045
44.228063 65.894286
43.841201 66.23616
43.611601 66.207418
43.47906 66.103254
43.5664 66.00378
43.397622 66.12399
43.689412 66.313572
43.334394 66.445974
42.670077 66.437859
42.684083 66.499404
42.30933 66.585785
41.693573 66.152963
41.343238 66.071821
40.916249 66.04345
40.663993 65.875621
39.983668 65.703601
39.79553 65.559492
39.840179 65.386998
40.289716 65.087002
40.381289 65.069915
40.609493 64.80181
40.495192 64.774453
40.338214 64.817825
40.275134 64.813485
40.391139 64.719995
40.352457 64.692502
40.303695 64.724301
40.174149 64.731549
40.252049 64.704291
40.184572 64.672256
39.930727 64.681823
39.972851 64.617514
39.856588 64.587921
39.053947 64.766906
38.610552 64.840612
38.614793 64.810078
38.35283 64.738947
38.252882 64.634465
38.169613 64.636186
38.235224 64.777684
38.404612 64.842279
38.600988 64.842934
38.415101 64.907659
38.193483 64.900099
37.94817 65.014068
37.754276 65.093509
37.175904 65.236802
36.931767 65.188057
37.038271 65.104644
36.976735 65.01946
36.717696 64.99604
36.595929 64.932639
36.698215 64.861427
36.616547 64.855964
36.823933 64.765723
37.482563 64.405236
37.991834 64.460493
38.196939 64.352521
38.076018 64.249837
38.145251 64.023741
38.007879 63.955608
37.75546 63.951624
37.761085 63.875733
37.620203 63.823159
37.220969 63.943696
37.070104 63.976014
37.048862 63.951863
36.818776 63.967291
36.615186 64.015423
36.436139 64.056315
36.390683 64.160501
36.204776 64.300322
36.097528 64.297528
35.825979 64.429262
35.739478 64.43918
35.752781 64.376607
35.496707 64.360674
35.446318 64.392725
35.281391 64.401293
35.290247 64.462347
35.104421 64.501798
35.158362 64.53538
35.098652 64.569911
34.981549 64.560736
35.074902 64.662746
35.031228 64.739344
35.138635 64.809703
35.014502 64.796823
35.065653 64.892224
34.984498 64.965944
34.888499 65.010729
34.950195 65.072696
34.83618 65.166728
34.86372 65.22768
34.53926 65.450632
34.609744 65.441486
34.636826 65.494288
34.805608 65.492726
34.907009 65.582199
34.852795 65.837781
34.994483 65.758685
35.086111 65.765565
35.087787 65.870171
34.97451 65.902515
34.993315 65.949648
34.929666 65.967734
34.905324 65.933234
34.845858 66.065955
34.610727 66.186967
34.447581 66.218531
34.292632 66.299689
34.155844 66.282365
33.895416 66.361424
33.693182 66.361368
33.41071 66.319915
33.318647 66.341704
33.610288 66.413574
33.770822 66.416869
33.67699 66.466584
33.867548 66.491867
33.191511 66.587013
33.314695 66.625256
33.051581 66.650685
33.420256 66.706213
32.895986 66.826327
33.130439 66.819921
32.889436 66.876705
32.870426 66.91945
32.618896 66.999743
32.714487 67.03759
32.641343 67.102
32.011741 67.229382
32.484556 67.195357
32.539695 67.216585
33.077016 67.13729
32.92615 67.053991
33.583106 66.813035
33.801433 66.812598
33.687351 66.842778
33.672607 66.92027
33.847334 66.893258
34.032162 66.778466
34.150679 66.779548
34.175123 66.838734
34.294601 66.787411
34.357993 66.877338
34.384703 66.787772
34.554175 66.741764
34.735824 66.747192
34.697117 66.672403
34.5079 66.658144
34.596411 66.617436
34.739313 66.616725
34.934696 66.670383
35.593106 66.485743
36.91531 66.341556
38.119678 66.150457
38.901011 66.124942
40.079406 66.282794
40.78252 66.50791
41.347453 66.884578
41.47716 67.079138
41.436004 67.253506
41.276918 67.303031
41.255026 67.476443
41.153736 67.55687
41.202471 67.710112
40.739363 67.855279
40.613129 67.803871
40.432042 67.902025
40.504927 67.91445
39.905294 68.243207
39.930076 68.110109
39.498968 68.168148
39.346967 68.245674
39.248093 68.246198
39.095154 68.30896
39.143507 68.346711
38.817921 68.445232
38.763473 68.400619
38.860575 68.354936
38.82484 68.319293
38.051833 68.670794
37.343369 68.913128
36.909842 69.008009
36.858442 69.066897
36.009443 69.284452
35.930505 69.279688
35.906513 69.244025
35.749023 69.301195
35.417137 69.352226
35.298869 69.334917
35.353087 69.279647
35.26506 69.265851
35.020669 69.329967
34.317751 69.398649
33.995287 69.397308
33.960065 69.362047
33.849837 69.388551
33.651693 69.190596
33.22388 69.069932
33.161022 68.968254
33.14667 69.109986
33.536475 69.234551
33.64167 69.353788
33.480456 69.37308
33.586762 69.418624
33.59298 69.496139
33.467883 69.506643
33.28336 69.49295
33.088876 69.410977
33.00803 69.416303
33.17249 69.556862
33.004035 69.530978
32.993505 69.579454
32.702406 69.573499
32.54569 69.663234
32.268254 69.677504
32.175203 69.714522
32.342396 69.795343
32.439891 69.714156
32.845811 69.648678
33.037202 69.645184
33.226796 69.777601
33.100131 69.842054
32.854288 69.871181
32.618031 69.876107
32.653127 69.924858
32.229247 70.01691
32.096512 70.011329
32.210657 69.870519
31.936097 69.90452
31.880655 69.75329
31.682976 69.735369
31.517982 69.640722
31.525347 69.783307
31.359009 69.856859
31.037697 69.867508
30.895926 69.613691
30.388455 69.719227
30.353537 69.533705
29.972279 69.49021
29.787507 69.426309
29.522771 69.198071
28.958869 69.100561
28.621652 68.997713
29.029991 68.934396
28.660758 68.586116
28.66354 68.369412
28.922263 68.236491
30.050439 67.797835
30.081381 67.643249
29.465553 67.2044
29.2401 66.948953
29.452322 66.717182
30.227971 65.899635
30.25454 65.766447
29.945047 65.723282
29.977194 65.525867
29.795056 65.29157
30.045399 65.269364
30.003304 65.17178
29.825421 65.142101
29.752994 65.075846
29.827458 64.886492
30.153107 64.83646
30.273045 64.655623
30.174569 64.646382
30.195925 64.501111
30.625456 64.334661
30.73423 64.171002
30.338028 63.870259
30.096618 63.827853
30.11503 63.783502
30.696095 63.494608
31.254264 63.307967
31.678565 63.048087
31.528335 62.708479
30.855833 62.233234
29.409391 61.364488
28.364445 60.849957
27.986487 60.593909
28.457518 60.585613
28.651993 60.737931
28.903105 60.79402
28.927051 60.763925
28.774553 60.677013
28.878819 60.553249
28.831569 60.519064
28.703695 60.60654
28.653185 60.576176
28.764048 60.441345
29.007457 60.40479
29.204897 60.255072
29.55471 60.215546
29.852456 60.253133
30.055022 60.204717
30.173533 60.08558
30.390244 60.032039
30.410917 59.978308
30.246272 59.95062
29.902411 60.025474
29.547567 60.054935
29.341593 60.03552
29.178789 59.96171
29.191276 59.890138
28.928316 59.855396
28.754605 59.922787
28.605021 59.839864
28.576917 59.730664
28.426835 59.767588
28.332841 59.85096
28.226693 59.763668
28.247496 59.571054
28.367834 59.498352
28.410041 59.429298
28.223809 59.323424
28.118319 59.324532
27.935618 59.049435
27.7034 58.938648
27.640199 58.806523
27.779427 58.472759
27.726129 58.273416
27.913978 58.051448
27.938228 57.927968
27.638309 57.838803
27.610117 57.715256
27.525567 57.631244
27.710918 57.590535
27.97028 57.418993
28.055939 57.295268
27.947574 57.192712
27.833081 56.983438
27.881374 56.894073
28.053869 56.91504
28.253617 56.699248
28.324348 56.412905
28.284141 56.217567
28.553785 56.165314
28.712174 56.183592
28.97467 56.022713
29.109411 56.06352
29.440338 56.043987
29.504496 55.928889
29.504675 55.810814
29.621745 55.756955
29.843332 55.863127
29.964262 55.844418
30.383868 55.953298
30.656171 55.872583
31.063512 55.585158
31.08267 55.458822
31.034281 55.347938
31.121818 55.237748
31.127479 55.142654
30.939301 54.881415
31.307435 54.685125
31.275361 54.611267
31.434815 54.367549
31.472583 54.260521
31.689741 54.203046
31.95917 54.181979
32.097715 54.106656
31.899978 53.903612
32.011008 53.875841
32.215242 53.88023
32.661392 53.771077
32.642719 53.68643
32.944784 53.422931
32.749261 53.394471
32.634615 53.325225
32.636583 53.259703
32.209455 53.143315
32.023354 53.144199
31.79221 53.290202
31.580178 53.235652
31.451869 53.067135
31.684812 52.86766
31.64534 52.695394
31.76553 52.50798
31.90177 52.195926
32.222772 52.135651
32.377501 52.171893
32.524424 52.364745
32.932027 52.33867
33.09258 52.298935
33.173903 52.396508
33.296263 52.453273
33.546341 52.393113
33.887948 52.401062
34.072388 52.357977
34.20892 52.153438
34.494129 51.836336
34.413112 51.801559
34.36617 51.742733
34.419084 51.576565
34.368339 51.460883
34.352373 51.385345
34.415145 51.289871
34.639965 51.292192
34.891088 51.186016
35.134684 51.264611
35.295725 51.24361
35.34026 51.176808
35.556702 51.083374
35.485091 50.968777
35.517432 50.870328
35.63171 50.741106
35.614462 50.682149
35.557208 50.630159
35.580628 50.55287
35.681285 50.518358
35.780863 50.420097
35.890837 50.406003
36.033617 50.479996
36.304668 50.469501
36.429088 50.386387
36.770818 50.287718
36.850827 50.300556
37.102736 50.375554
37.300767 50.391207
37.471346 50.450995
37.594257 50.465551
37.602656 50.404659
37.754799 50.353573
37.801557 50.276676
37.809557 50.204408
37.897459 50.132807
37.999161 50.136953
38.047504 50.073113
38.134091 50.004495
38.274193 50.06358
38.26346 50.091829
38.350358 50.131629
38.66777 50.015503
38.786742 50.01868
38.969318 49.934504
39.197813 49.867595
39.195639 49.864752
39.294888 49.906287
39.37492 49.818523
39.482053 49.80064
39.557533 49.822367
39.689554 49.773768
39.726886 49.713421
40.019471 49.628991
40.204217 49.644797
40.202201 49.531618
40.235633 49.332011
40.031754 49.137161
39.781669 49.087105
39.945828 48.943734
40.167531 48.859055
40.107439 48.809684
39.838514 48.782571
39.798342 48.687555
40.008798 48.515248
39.982279 48.363128
40.1515 48.305611
39.976986 48.152736
39.791188 47.86936
39.082069 47.870785
38.945792 47.73012
38.517534 47.615807
38.348127 47.401502
38.394733 47.353845
38.444377 47.264329
38.349997 47.131107
38.532311 47.194398
38.814139 47.319263
38.894614 47.301813
38.643742 47.186377
38.793422 47.186375
39.134105 47.203638
39.088246 47.266195
39.298872 47.322147
39.340692 47.212288
39.406241 47.126953
39.394234 47.072637
39.221804 47.08625
39.161764 47.05546
38.938747 46.998048
38.891217 46.937371
38.694188 46.894251
38.524985 46.87955
38.496861 46.779858
38.532068 46.752235
38.639564 46.760154
38.680397 46.700599
38.569965 46.671401
38.43249 46.71413
38.388546 46.763605
38.289481 46.710807
38.056547 46.680983
37.808268 46.752873
37.929092 46.657496
37.959091 46.527415
38.050529 46.42428
38.109089 46.407138
38.110986 46.457565
38.214082 46.436447
38.431009 46.25881
38.650763 46.106984
38.620456 46.071888
38.404449 46.178622
38.361172 46.276706
38.278609 46.017911
38.215622 46.000659
38.204617 46.083894
38.240143 46.101815
38.122024 46.145779
37.990094 45.974276
37.943149 45.791366
37.772122 45.735591
37.713443 45.69891
37.718651 45.556677
37.606862 45.400963
37.312331 45.395084
37.286678 45.371905
37.429504 45.306397
37.406829 45.295915
37.434025 45.261419
37.291475 45.287037
37.180573 45.278486
37.238909 45.323683
37.277516 45.379631
37.297672 45.393795
37.135128 45.43279
36.886651 45.474073
36.826424 45.438183
36.941137 45.419914
36.913197 45.381104
37.089227 45.338515
37.047986 45.298316
36.82067 45.275003
36.71497 45.26321
36.827279 45.170086
37.181382 45.088554
37.446029 44.942908
37.673332 44.727951
37.862419 44.66933
37.929804 44.689066
38.002964 44.654196
38.083809 44.649212
38.282305 44.483786
38.375305 44.445725
38.732886 44.369053
38.899517 44.308097
39.001491 44.182897
39.116107 44.084627
39.419177 43.866571
39.731941 43.637202
39.946063 43.473491
40.142361 43.600321
40.380664 43.631289
40.728645 43.567732
40.924314 43.523243
41.028544 43.428693
41.474127 43.373748
41.685274 43.289969
42.082754 43.264634
42.356203 43.276201
42.51591 43.265125
42.843388 43.194212
43.114541 43.037597
43.318538 42.961098
43.575471 42.878195
43.776358 42.76197
43.757538 42.692112
43.862733 42.601067
44.048715 42.601135
44.265875 42.727205
44.558919 42.790944
44.732977 42.702017
44.987982 42.782216
45.156309 42.75862
45.323581 42.63505
45.597447 42.590103
45.769603 42.457758
45.743836 42.309562
45.641907 42.274267
45.652788 42.181242
46.618866 41.827986
46.766508 41.830153
47.322639 41.266113
47.552513 41.213581
47.80912 41.193925
48.076596 41.415968
48.140975 41.530834
48.236525 41.548818
48.44262 41.670988
48.624728 41.859016
48.412746 41.947852
48.182046 42.256533
47.982129 42.443734
47.858922 42.63137
47.72462 42.696813
47.663244 42.861153
47.488856 43.050216
47.560452 43.373212
47.481073 43.36353
47.547881 43.600927
47.666249 43.926283
47.610195 43.952373
47.435438 43.546897
47.444972 43.90832
47.223041 44.219147
47.125064 44.291606
47.085874 44.381607
46.789771 44.537168
46.871007 44.529305
46.833325 44.627232
46.885897 44.701223
46.908023 44.656271
47.037876 44.757547
46.954061 44.780015
47.039721 44.821213
47.090933 44.853911
47.134987 44.799245
47.292284 44.909763
47.312587 44.975567
47.343659 44.985101
47.409201 45.147107
47.39901 45.264425
47.471795 45.185378
47.483766 45.273678
47.51638 45.194787
47.556292 45.382532
47.519444 45.490375
47.566652 45.507782
47.595396 45.477084
47.598235 45.526869
47.646888 45.478358
47.632146 45.55075
47.581557 45.633004
47.666524 45.606749
47.649505 45.677554
47.542443 45.752115
47.619859 45.822339
47.818069 45.677872
47.988396 45.764628
48.060083 45.747793
48.166582 45.777075
48.268201 45.787022
48.294823 45.855755
48.598153 46.021475
48.701148 45.924878
48.73822 46.012593
48.688218 46.007065
48.683615 46.198378
48.812196 46.052996
48.803475 46.122266
48.852616 46.102038
48.997572 46.20518
49.091214 46.37033
49.070056 46.422647
48.718471 46.597123
48.640451 46.595293
48.593072 46.644742
48.626959 46.667663
48.531838 46.761363
48.648491 46.819697
48.837236 46.753258
48.990855 46.784958
48.750151 47.208321
48.386751 47.593215
48.168083 47.744029
47.439096 47.870872
47.367535 47.754527
47.186725 47.905899
47.186012 48.274309
46.571671 48.495656
46.626471 48.647138
46.695529 48.826652
46.828754 48.985024
47.003673 49.055969
47.096072 49.169899
47.035518 49.269927
46.910949 49.400328
46.848071 49.57749
46.872801 49.729637
47.014086 49.84918
47.168259 49.960874
47.358893 50.121401
47.365023 50.337724
47.452292 50.405178
47.582437 50.482482
47.785823 50.393754
48.271043 50.01403
48.237745 49.970484
48.28112 49.916169
48.469133 49.881415
48.914891 49.997143
48.965401 50.08413
48.87095 50.163685
48.745076 50.622111
48.754539 50.678677
48.948924 50.645753
49.482324 50.962934
49.411254 51.031032
49.561086 51.175429
49.753615 51.153978
50.149517 51.310764
50.378574 51.338923
50.478068 51.406034
50.689598 51.645342
50.744117 51.592303
50.844804 51.659077
50.792587 51.743035
50.842406 51.816396
51.044569 51.707346
51.249662 51.713836
51.385372 51.642342
51.307888 51.56497
51.419068 51.504533
51.569458 51.558653
51.743546 51.464677
51.904454 51.62115
52.354335 51.768185
52.465693 51.716959
52.697486 51.493759
53.094051 51.465751
53.35188 51.496623
53.566449 51.423266
53.700496 51.274382
53.995334 51.205344
54.29643 51.038353
54.483838 50.878964
54.469472 50.727181
54.513887 50.594854
54.674336 50.6026
54.726561 50.746848
54.721038 50.837891
54.659875 50.966235
54.686191 51.099453
54.844557 51.060351
55.005493 50.964005
55.079742 50.940778
55.199996 50.805384
55.347483 50.711938
55.569252 50.66985
55.673248 50.568693
55.877376 50.610274
56.183443 50.770678
56.235279 50.865248
56.247748 50.968158
56.445538 50.985964
56.500701 51.072406
56.58289 51.089026
56.698516 51.048192
56.950963 51.122938
57.131183 51.130668
57.280083 51.091443
57.405288 50.968217
57.576585 50.939491
57.699432 50.951498
57.814688 51.000576
57.765993 51.213637
57.95087 51.185715
58.462534 51.198189
58.598879 51.160913
58.687162 51.083994
58.62719 51.06142
58.595178 51.002031
58.866817 50.757086
59.074726 50.716037
59.220329 50.719227
59.531698 50.635132
59.520856 50.581391
59.684803 50.534077
59.858527 50.57963
60.001026 50.74388
60.091184 50.914526
60.258725 50.792565
60.48089 50.689858
60.82407 50.68708
61.33515 50.740485
61.485923 50.794551
61.617061 50.986742
61.57058 50.998101
61.619451 51.085031
61.652574 51.259721
61.70013 51.300887
61.350816 51.465297
60.502903 51.721004
60.523177 51.799947
60.399634 51.840731
60.275115 51.920793
60.214634 51.904177
60.167739 51.946268
59.703532 51.980833
60.248385 52.028763
60.82424 52.1972
61.057669 52.374645
61.095966 52.500644
60.751104 52.70748
61.18453 53.052457
61.676172 53.009468
62.151679 53.012731
62.150909 53.107765
61.854804 53.193171
61.781911 53.286668
61.479469 53.295308
61.292777 53.344389
61.264381 53.442494
61.558713 53.509269
61.593829 53.577003
61.268735 53.610277
61.006519 53.678212
61.200643 53.723598
61.285306 53.800272
61.121992 53.924825
61.177494 53.994519
61.274192 53.962021
61.349089 54.034625
61.373928 54.105313
61.512534 54.088662
61.573701 53.994393
61.712276 54.003782
61.738465 54.080128
61.916285 53.994333
62.070522 54.069892
62.157284 54.011467
62.233916 54.078821
62.402823 54.079088
62.563939 53.947182
62.679373 54.000868
62.665663 54.122726
63.321741 54.206734
63.796208 54.22343
63.873971 54.269805
64.103318 54.242591
64.160593 54.276629
64.595336 54.33056
65.006369 54.436745
65.166083 54.372467
65.330241 54.44857
65.401297 54.581663
65.5842 54.625355
65.634444 54.692288
65.798148 54.645228
65.894165 54.651422
65.914942 54.704272
66.105996 54.663777
67.387 54.827031
67.879419 54.919468
67.959341 54.997266
68.120844 54.963216
68.311234 55.00763
68.318613 55.149809
68.363107 55.204117
68.544651 55.195795
68.676126 55.242425
68.876293 55.349673
69.073002 55.324276
69.020499 55.374743
69.086511 55.430476
69.393485 55.354177
69.540873 55.359019
69.812061 55.312704
70.076231 55.231508
70.253233 55.15853
70.412182 55.189975
70.58147 55.268479
70.895472 55.260094
71.046656 55.086581
71.042819 54.928165
71.143108 54.805842
71.358978 54.6783
71.269497 54.529433
71.304095 54.425946
71.232093 54.333962
71.105844 54.344034
71.147836 54.274796
71.181431 54.146856
71.449077 54.175142
71.518234 54.209856
71.613171 54.1509
71.812721 54.160012
71.81671 54.225299
71.915907 54.239545
72.148895 54.17704
72.190383 54.247975
72.148826 54.33723
72.247046 54.370839
72.342623 54.291637
72.436559 54.196041
72.570819 54.154851
72.462057 54.126706
72.446215 54.066632
72.47415 53.95799
72.617632 53.903396
72.677285 53.950772
72.812167 53.961582
72.781674 54.029526
72.665722 54.047572
72.712365 54.103478
72.805851 54.115487
72.889708 54.112994
73.010738 54.088024
73.130249 54.018808
73.243524 53.975836
73.386824 53.95625
73.587472 53.978594
73.709888 54.024819
73.785887 54.079242
73.82651 54.041685
73.753946 53.916786
73.611342 53.861541
73.480632 53.836799
73.404697 53.774025
73.350158 53.700656
73.324221 53.634472
73.30245 53.553419
73.424802 53.560626
73.475538 53.434475
73.59134 53.487542
73.638437 53.515256
73.704629 53.591331
73.807986 53.549745
73.919246 53.628873
74.074273 53.627549
74.112686 53.553934
74.21964 53.592037
74.348966 53.540649
74.462162 53.47344
74.550369 53.557932
74.523162 53.626314
74.61204 53.691091
74.846305 53.758822
74.805728 53.808261
75.024839 53.840331
75.137863 53.86322
75.272141 53.890235
75.446436 53.929854
75.528005 54.014229
75.568789 54.090933
75.846749 54.123544
76.317567 54.368815
76.704602 54.363163
76.999138 54.449425
76.97071 54.303362
76.582333 54.114564
76.740412 53.981386
77.827475 53.4594
77.948292 53.360955
78.163618 53.190281
78.412538 52.947962
78.4947 52.825849
78.699424 52.546431
78.745726 52.479968
79.047341 52.22942
79.167207 52.018957
79.228501 51.904428
79.343871 51.816273
79.406569 51.73284
79.508712 51.549796
79.639774 51.380347
79.771563 51.207262
80.115914 50.78924
80.153034 50.81195
80.225668 50.860821
80.296389 50.901578
80.408997 50.931332
80.527705 51.023299
80.543916 51.114379
80.519506 51.201426
80.576905 51.208676
80.757956 51.262468
80.895893 51.292463
81.045708 51.221473
81.168332 51.168166
81.193043 51.077473
81.221372 50.953165
81.356686 50.947919
81.521855 50.89091
81.529957 50.78201
81.706798 50.749857
81.860366 50.781652
81.972092 50.786658
82.074206 50.759437
82.272958 50.756922
82.414916 50.774404
82.622863 50.750105
82.736645 50.819052
82.784863 50.887939
82.960983 50.910433
83.081359 50.923227
83.13812 51.015965
83.260328 51.025025
83.537797 51.00658
83.76359 50.922543
83.919806 50.845881
84.0433 50.775169
84.113346 50.688356
84.184499 50.597954
84.278951 50.492408
84.323916 50.269881
84.642841 50.21834
84.996671 50.084892
85.147217 49.863736
85.349358 49.590348
86.263595 49.504253
86.73541 49.784928
86.813856 49.702229
86.729085 49.608582
86.814775 49.538111
87.013576 49.288835
87.264126 49.232743
87.389729 49.230626
87.645196 49.210272
87.915891 49.465637
88.279634 49.481404
88.351854 49.417992
88.47431 49.417641
88.507323 49.494938
88.621878 49.456689
88.816055 49.534953
88.88382 49.601906
88.990044 49.583077
89.270064 49.673792
89.226645 49.857916
89.288069 49.910991
89.548448 49.94494
89.63001 50.051605
90.155186 50.222366
90.27472 50.194146
90.425124 50.338201
90.816163 50.390103
91.265867 50.584761
91.388689 50.708833
91.773929 50.715155
91.941434 50.86001
92.28674 50.70607
92.365021 50.793691
92.575523 50.775827
92.588298 50.630493
93.441983 50.589882
93.883658 50.502812
93.956761 50.237717
94.133005 50.066922
94.468509 50.049603
94.554261 49.974005
95.263436 49.953123
95.930708 49.996701
96.155377 49.862919
96.38952 49.844735
96.557729 49.732258
96.719502 49.813444
96.831164 49.780762
97.099884 49.805534
97.303288 49.66104
97.636454 49.711402
97.723762 49.834613
98.002644 49.813892
98.431594 50.130667
98.445272 50.304308
98.112258 50.628641
98.143917 50.779902
97.973905 50.92914
98.057142 51.058745
98.143299 51.281887
98.286442 51.330351
98.375995 51.519109
98.941196 51.792473
98.979535 51.97316
99.695675 51.801732
99.987689 51.652487
100.658774 51.629607
101.22346 51.466624
101.49022 51.343116
101.822702 51.373121
102.276625 51.183167
102.202981 51.159414
102.302697 50.740045
102.464656 50.536041
103.015931 50.212764
103.288447 50.202989
103.434019 50.107367
103.789219 50.034331
103.862544 50.066083
104.101478 50.007308
104.286917 50.025435
104.47231 50.150633
105.04627 50.304201
105.211995 50.289622
105.561085 50.347977
105.666389 50.305974
106.183043 50.277912
106.448642 50.191468
106.776843 50.196598
107.058255 50.084561
107.294461 49.899075
107.716803 49.823453
107.883232 49.82501
108.014614 49.808286
108.100174 49.519339
108.740168 49.178376
109.386173 49.19568
109.633729 49.094676
110.343531 49.053654
110.481827 49.092741
110.670315 49.017977
110.9261 49.00725
111.248462 49.136527
112.410893 49.377887
112.798321 49.372146
113.160929 49.495908
113.321694 49.710019
113.57003 49.807964
114.264479 50.110701
114.813765 50.108446
115.141435 50.009616
115.450053 49.800014
115.848207 49.774427
116.191161 49.973777
116.668235 49.885764
117.147158 49.623435
117.975768 49.444693
118.124034 49.609233
118.308925 49.703452
119.238724 49.919614
119.366113 50.111182
119.340276 50.393422
119.532262 50.703506
119.534149 50.819403
120.020537 51.340026
119.979248 51.419211
120.348995 51.726829
120.684757 51.888204
120.804492 52.15114
120.679837 52.301758
120.732853 52.487126
120.413691 52.598079
120.190307 52.582909
120.156049 52.701122
120.825059 53.159038
120.884086 53.26237
121.267207 53.253184
122.033801 53.367547
122.381487 53.4388
122.555799 53.383756
123.460573 53.49242
123.694226 53.487937
124.16171 53.302632
124.340653 53.30874
124.432528 53.202942
124.859358 53.05659
124.973345 53.056967
125.137533 53.140696
125.555256 53.056705
125.745798 52.932622
125.678508 52.843516
126.054351 52.761866
126.140638 52.666952
126.033347 52.585391
126.505245 52.285615
126.353449 52.161605
126.573515 52.054055
126.491189 51.878132
126.730383 51.653952
126.724299 51.544611
126.821719 51.383552
126.931992 51.342215
126.841946 51.208044
127.001717 50.978112
127.274066 50.778834
127.395289 50.577555
127.418149 50.271734
127.564783 50.191483
127.593377 49.764658
127.952538 49.498839
128.77865 49.55181
128.813798 49.42645
129.10267 49.309858
129.364222 49.323236
129.421544 49.398572
129.785857 49.195973
130.01599 48.937639
130.323806 48.852514
130.451893 48.813974
130.639233 48.793976
130.529756 48.561301
130.630615 48.439943
130.794797 48.441892
130.797321 48.207958
130.663359 48.049557
130.886437 47.876762
130.917323 47.77008
131.048251 47.652489
131.504114 47.683029
131.569502 47.619797
132.131085 47.628763
132.236565 47.673573
132.478663 47.669916
132.697591 47.835897
132.905254 47.936487
133.134915 48.072879
133.345472 48.058559
133.596615 48.132414
133.766124 48.137491
134.033104 48.228201
134.543655 48.292246
134.733523 48.209031
134.560583 47.941383
134.742944 47.707044
134.631652 47.51739
134.304867 47.379336
134.15631 47.21481
134.23176 47.097512
134.124805 47.016197
133.974241 46.582766
133.843747 46.432878
133.91728 46.194481
133.702505 46.103476
133.471017 45.726428
133.488037 45.629353
133.095409 45.01602
132.854652 44.956297
131.960657 45.303794
131.788044 45.24182
131.568008 44.995587
130.957726 44.826618
131.153844 44.626722
131.307711 44.0979
131.24299 43.544578
131.320967 43.335049
131.241975 43.100094
131.149688 43.058302
131.160962 42.886424
130.495347 42.707068
130.652662 42.525228
130.663461 42.189637
130.731282 42.212465
130.869465 42.462421
130.782479 42.575895
130.712828 42.551064
130.700866 42.656771
130.846231 42.668791
130.942309 42.60513
130.815769 42.611676
130.949271 42.569556
131.188455 42.652517
131.173872 42.543668
131.255838 42.566106
131.682318 43.11243
131.815463 43.107667
131.810327 43.265357
131.982615 43.301816
132.137831 43.283181
131.887928 43.143825
131.850128 43.048459
132.040999 43.013477
132.355141 43.304248
132.401746 43.252817
132.303157 42.8298
132.333835 42.810116
132.465613 42.955969
132.572005 42.824281
132.760263 42.883418
132.913811 42.693536
133.011054 42.816846
133.093084 42.729748
133.032079 42.643465
133.162793 42.644864
133.871811 42.862149
133.913278 42.800879
134.250299 43.03769
134.774758 43.253009
134.830085 43.321121
135.198722 43.50756
135.303709 43.719983
135.352639 43.678059
135.664358 44.041673
135.857491 44.327846
136.206566 44.49437
136.365996 44.692774
136.283037 44.720758
136.429486 44.747407
136.664039 45.019772
137.5304 45.642856
138.129512 46.158403
138.124854 46.276319
138.594564 46.968938
138.936841 47.28235
139.000432 47.270162
139.041293 47.308897
139.107228 47.415248
139.102061 47.463793
139.274107 47.650654
139.286303 47.75415
139.380503 47.850944
139.507864 47.902908
139.573962 47.949646
139.517018 47.969783
139.620587 47.996971
140.181512 48.439534
140.171942 48.584044
140.243115 48.807578
140.475748 48.892325
140.384179 48.997137
140.285738 48.925905
140.321998 48.989379
140.239007 48.993695
140.349048 49.068045
140.275853 49.098185
140.370982 49.121508
140.467455 49.210341
140.356165 49.2686
140.478223 49.321281
140.552847 49.577394
140.515381 49.638285
140.541154 49.759185
140.43557 49.775834
140.533685 49.961124
140.733364 50.060135
140.631502 50.097125
140.667987 50.067116
140.562434 50.072533
140.5652 50.336206
140.4648 50.540188
140.520539 50.604078
140.496948 50.710888
140.555665 50.853595
140.665559 50.946578
140.653767 50.995901
140.748517 51.062451
140.698873 51.27746
140.891598 51.359903
140.886182 51.414856
140.828148 51.398485
140.786002 51.444371
140.918193 51.503437
140.89695 51.604003
141.184363 51.720759
141.192857 51.811496
141.437907 51.935786
141.373342 52.005621
141.449203 52.123014
141.565703 52.153196
141.572031 52.178326
141.426799 52.221825
141.173855 52.397306
141.303071 52.572725
141.225867 52.802912
141.283996 52.84497
140.974076 52.958927
140.995845 53.013554
140.659365 53.117471
140.847061 53.128207
141.213499 52.994274
141.323281 53.084157
141.408376 53.081575
141.475021 53.181461
141.377241 53.236664
141.432674 53.271756
141.405387 53.299956
141.22615 53.313999
141.127051 53.408112
140.977939 53.420088
140.983023 53.476179
140.314954 53.784374
140.273265 53.85338
140.36175 53.941792
140.2238 54.057402
139.998165 54.130262
139.797998 54.282753
139.48842 54.167984
139.16568 54.134332
139.090779 54.163025
139.304537 54.187166
139.132295 54.212414
138.896227 54.280545
138.67041 54.295289
138.749659 54.194985
138.740699 54.065591
138.851978 54.053152
138.768874 53.911249
138.690429 53.643145
138.479835 53.512504
138.282297 53.506539
138.295356 53.560953
138.513697 53.707788
138.63171 53.85777
138.643522 53.985938
138.402467 53.849857
138.278854 53.702084
138.093573 53.631587
137.864461 53.531708
137.247513 53.529235
137.241299 53.5796
137.410497 53.659409
137.570321 53.664946
137.719463 53.848666
137.815008 53.869788
137.889204 53.939093
137.551224 53.947962
137.349267 54.037524
137.457499 54.126722
137.475128 54.061418
137.550767 54.119613
137.745068 54.300922
137.45995 54.297173
137.130854 54.116292
137.323865 53.97453
137.189237 53.820246
137.032334 53.826246
136.839423 53.749081
136.704928 53.90355
136.80696 54.024182
136.795142 54.188045
136.833359 54.19845
136.792436 54.404534
136.876013 54.42297
136.89989 54.563688
136.824838 54.619353
136.748819 54.582136
136.740773 54.675382
136.538085 54.578613
135.871808 54.558959
135.703453 54.645007
135.31148 54.700008
135.214977 54.795006
135.321855 54.951336
135.569569 55.095417
135.972496 55.1718
136.226221 55.303191
136.488072 55.545976
136.717344 55.640829
136.837344 55.629174
137.316256 55.953104
137.420693 55.93045
137.53274 56.052364
137.722893 56.109787
138.149136 56.43186
138.296583 56.415263
138.330364 56.46547
138.187142 56.574909
138.356779 56.631678
138.470828 56.745738
138.575815 56.876642
138.628572 56.858154
138.664408 56.951177
139.011123 57.019001
138.996985 57.094629
139.149482 57.133161
139.166947 57.230372
139.490301 57.287294
139.732719 57.474047
139.840079 57.465711
139.951235 57.623177
140.217453 57.738919
140.393087 57.722211
140.743343 58.279838
141.026067 58.404526
141.378719 58.475946
141.834002 58.740999
142.096877 59.010864
142.725475 59.261486
143.13884 59.338318
143.502327 59.31112
143.949914 59.410398
144.41207 59.371128
144.836056 59.36525
144.916859 59.402543
145.160603 59.400816
145.269704 59.356967
145.456996 59.406465
145.733465 59.369938
145.938099 59.400247
146.002371 59.335703
145.843707 59.254571
145.954944 59.114952
146.323315 59.193667
146.279266 59.306201
146.461569 59.454137
146.816194 59.367482
147.120259 59.342331
147.145013 59.290142
147.275032 59.311866
147.500452 59.214752
147.756142 59.2443
147.896707 59.389989
148.302674 59.404637
148.38402 59.272028
148.718139 59.213692
148.787734 59.267429
148.933566 59.213871
148.895486 59.377055
148.681997 59.378518
148.820335 59.526225
148.911475 59.458087
149.232551 59.468905
149.098121 59.529576
149.064023 59.633307
149.331917 59.677736
149.331883 59.738935
149.665857 59.744143
150.043517 59.65126
150.027446 59.689551
150.32435 59.626347
150.660992 59.524554
150.494322 59.487877
150.65141 59.476121
150.72927 59.404995
150.984933 59.498989
150.913678 59.517263
151.144314 59.563906
151.371343 59.561842
151.752055 59.358116
151.737852 59.308131
151.917249 59.245222
152.141395 59.274008
152.256386 59.223134
152.099988 59.145104
151.361175 59.148305
151.309671 59.101049
151.063549 59.104316
151.218197 58.906878
151.372412 58.82188
151.44011 58.848383
151.903899 58.826939
152.357432 59.028971
152.707408 58.867466
152.97711 59.02837
153.310932 59.059863
153.339892 59.106405
153.261416 59.137212
153.376177 59.217244
153.574678 59.179358
153.742559 59.196059
153.675547 59.16914
153.857338 59.119664
154.005005 59.005893
154.332855 59.100798
154.355642 59.190628
154.775053 59.114478
154.907425 59.165601
155.166458 59.16458
155.12704 59.285943
155.184912 59.344487
154.918176 59.451833
154.821935 59.440403
154.63397 59.500933
154.433755 59.517898
154.461747 59.433917
154.412487 59.400713
154.33313 59.478818
154.302762 59.438932
154.082616 59.42663
154.25302 59.626049
154.343393 59.568789
154.222164 59.816172
154.379821 59.885285
154.395821 59.811108
154.473427 59.885819
154.438162 60.029403
154.469537 60.07569
154.501816 60.07209
154.48735 59.974132
154.560841 60.08424
154.988101 60.371107
155.325017 60.497454
155.507803 60.521434
155.845217 60.722221
155.912987 60.703039
155.937056 60.889258
156.508842 61.178266
156.660415 61.209691
156.641927 61.339049
156.717471 61.49004
156.918215 61.54728
157.067703 61.649285
157.433008 61.697679
157.40403 61.734066
157.515179 61.791748
157.788125 61.782611
158.056679 61.726328
158.32471 61.830879
158.536561 61.804881
158.570796 61.842255
158.786229 61.817353
159.015767 61.91909
159.368897 61.908339
159.405998 61.80485
159.492529 61.791161
159.575246 61.808305
159.525044 61.668436
159.57658 61.65308
159.715872 61.727259
159.8189 61.696391
159.932988 61.731193
160.045874 61.850083
160.346478 61.925266
160.372729 61.775008
160.268596 61.712501
160.329621 61.680182
160.048152 61.482808
160.180832 61.422606
160.138612 61.356849
160.042266 61.381209
159.848011 61.300431
159.808941 61.229611
159.942142 61.266608
159.999522 61.250762
159.930623 61.04564
159.789443 60.920151
159.88234 60.900931
160.195717 61.014138
160.407393 61.028712
160.450037 60.995642
160.380545 60.899079
160.319562 60.910464
160.179573 60.809528
160.244132 60.770501
160.137816 60.667758
160.232124 60.58508
160.402892 60.750592
160.485212 60.689417
160.818262 60.745067
160.870767 60.863506
161.474509 61.119078
161.42986 61.154258
161.656705 61.22935
161.64317 61.278863
161.798929 61.35013
161.905915 61.343272
161.882382 61.440533
161.987206 61.401307
162.204415 61.513685
162.189735 61.556877
162.471382 61.671201
162.648176 61.597319
162.760786 61.605726
162.61134 61.700635
162.879864 61.720918
162.996711 61.515778
163.306229 61.673824
163.236621 61.776603
162.9276 61.805362
163.194324 62.057977
163.111886 62.210345
163.348867 62.360937
163.191943 62.429197
163.750423 62.598456
164.004365 62.592265
164.257442 62.688485
164.58665 62.680325
164.768359 62.569188
165.027661 62.513328
165.369413 62.521818
165.665508 62.471334
165.659144 62.439143
165.438033 62.463493
165.143745 62.447919
165.348126 62.278199
164.970926 62.4151
164.616347 62.470523
164.114773 62.273865
164.041823 62.101803
164.022953 61.718441
163.855373 61.664736
163.730429 61.443021
163.896719 61.457743
163.991794 61.347506
163.459753 61.043594
163.72466 60.956262
163.731805 60.877484
163.543293 60.865015
163.430998 60.822712
163.290892 60.711313
163.254334 60.816628
163.103973 60.80837
163.117612 60.745525
163.032504 60.75185
162.985486 60.794361
162.808924 60.776338
162.698905 60.634691
162.472094 60.634532
162.399307 60.556764
162.1427 60.507841
161.865649 60.393307
161.897932 60.282437
161.734585 60.140711
161.455748 60.0517
160.911955 59.722382
160.800885 59.594606
160.515904 59.544914
159.661157 58.985103
159.722984 58.899432
159.18399 58.553448
159.227736 58.468916
159.119093 58.487146
158.213725 58.035689
158.353195 58.005566
158.330437 57.917797
158.206454 57.987593
157.892818 57.956795
157.688783 58.008212
157.517128 57.890451
157.492439 57.794629
157.19736 57.745409
156.90924 57.88381
156.775328 57.775225
156.770448 57.702882
156.95107 57.584404
156.958006 57.353777
156.651995 57.042836
156.565994 57.105016
156.469925 56.948386
156.225866 56.877938
156.174022 56.763399
156.073248 56.725804
156.143881 56.85598
155.932564 56.631172
155.606567 55.808318
155.472354 55.323634
156.133 52.716637
156.219041 52.533733
156.283149 52.572032
156.432269 52.488421
156.335163 52.435145
156.277524 52.504574
156.230405 52.47864
156.459356 51.92225
156.469442 51.316358
156.672585 50.85994
158.255584 51.936868
158.557092 52.284669
158.390231 52.573972
158.545636 52.659705
158.47317 52.732792
158.62269 52.865565
158.480989 52.924445
158.492941 52.894793
158.440424 52.882909
158.415706 52.99549
158.565989 53.033113
158.665458 52.958584
158.7225 52.889416
159.014531 53.065851
159.39168 53.167266
159.473621 53.222255
159.70314 53.252144
159.780193 53.181134
160.025323 53.101034
159.990349 53.253678
159.937065 53.22794
159.92326 53.180296
159.861178 53.211679
159.92327 53.303197
159.836308 53.457382
159.763304 53.507138
159.91804 53.473323
159.930821 53.57602
159.869902 53.663892
159.871994 53.582914
159.844992 53.584583
159.781615 53.706498
160.031431 54.194009
160.859771 54.59441
161.064946 54.609241
161.266673 54.478092
161.754304 54.491865
162.079526 54.88034
161.753525 55.14737
161.695382 55.52324
162.019131 56.073322
162.498762 56.242207
162.341385 56.361859
162.69919 56.508904
162.833712 56.458925
163.040041 56.519893
163.05614 56.492514
162.534943 56.234442
162.938301 56.020907
163.18429 56.126928
163.268219 56.27921
163.161674 56.467342
163.226751 56.749877
162.784178 56.713369
162.782965 57.08092
162.685726 57.353652
163.170349 57.604103
163.20468 57.76402
162.637718 57.932814
162.426457 57.880713
162.40665 57.69376
162.301362 57.677342
162.271051 57.770563
161.908474 57.922047
162.086864 58.404341
162.721778 58.849677
162.623387 58.826225
162.78284 58.929575
162.766269 58.872306
163.012016 58.996493
162.964554 59.029457
162.933863 59.000926
162.829437 59.111388
162.91896 59.133813
163.119043 59.056457
163.131243 59.001802
163.178442 59.084326
163.006953 59.214868
163.166433 59.265904
163.219471 59.198261
163.261132 59.219378
163.25078 59.415513
163.11021 59.493213
163.181623 59.578793
163.316862 59.597499
163.279807 59.738771
163.4252 59.859211
163.648002 59.891914
163.710506 59.973216
163.904487 60.033991
164.150116 59.945044
164.2687 59.956199
164.247763 60.057508
164.38842 60.092836
164.622655 59.954942
164.760429 59.781012
164.9497 59.816249
165.135958 59.966012
165.057886 60.066356
164.899209 60.056172
165.139308 60.152144
165.118333 60.087009
165.240331 60.095436
165.461676 60.233601
165.521294 60.190354
166.175507 60.469899
166.239017 60.201142
166.077113 59.997424
166.100149 59.79999
166.25416 59.807506
166.699494 60.087077
167.030541 60.323749
166.995474 60.404724
167.244691 60.361915
168.450085 60.594184
168.681367 60.54085
169.190537 60.543074
169.700128 60.297669
169.910432 60.050015
170.27196 59.904802
170.391768 59.978806
170.392501 60.173463
170.594973 60.328161
170.491982 60.443384
170.663553 60.415677
171.14788 60.573963
171.636654 60.829274
171.815394 60.827737
171.952776 60.952453
171.983539 60.854278
172.102094 60.95814
172.037671 61.029289
172.289484 61.02533
172.383705 61.104118
172.260154 61.175485
172.466165 61.174527
172.69333 61.250868
172.66638 61.313609
172.882444 61.298932
172.677477 61.419572
172.846418 61.462325
173.024695 61.404247
173.268527 61.457415
173.263209 61.540788
173.435077 61.537072
173.477135 61.701154
173.642545 61.728669
173.790828 61.662326
174.019897 61.765984
173.909152 61.793049
174.118553 61.835433
174.138523 61.791746
174.341465 61.817085
174.630109 61.88463
174.591308 61.956882
174.728202 61.940435
174.717063 61.904855
175.027005 61.996567
175.174622 62.073235
175.197855 62.134152
175.207722 62.088329
175.244252 62.063726
175.252906 62.06063
176.282546 62.315962
176.785294 62.475752
176.533543 62.450004
176.623399 62.534193
176.709034 62.492204
177.288591 62.582981
177.49191 62.581547
177.508231 62.647836
177.591047 62.652212
177.611526 62.569296
177.954586 62.539139
178.785255 62.357412
179.048307 62.279615
179.051361 62.488993
179.285017 62.48508
179.417792 62.593849
179.578251 62.652255
179.402591 62.888598
179.229685 62.902929
179.106269 63.007784
179.027831 62.951079
178.942816 62.954687
178.992821 63.018416
179.105114 63.044523
179.227005 63.000906
179.411501 63.067293
179.37254 63.133852
178.776123 63.367312
178.831194 63.385092
178.905047 63.359487
178.721201 63.559461
178.746585 63.480267
178.700869 63.400023
178.55103 63.423519
178.650042 63.494181
178.61083 63.558443
178.40625 63.574089
178.365242 63.541527
178.190273 63.555097
178.290245 63.618829
178.471656 63.633512
178.609148 63.6125
178.581082 63.659121
178.746283 63.638252
178.639442 63.976508
178.558392 64.013335
178.556116 63.963463
178.335028 63.981414
178.377941 64.041461
178.520917 64.045915
178.25375 64.345095
178.110319 64.442231
178.082298 64.407231
178.213133 64.322649
177.894323 64.155839
177.301595 64.514975
177.406073 64.726857
177.212472 64.749679
177.015804 64.714291
176.743821 64.56375
176.444775 64.667516
175.995221 64.542271
176.303289 64.689572
175.937888 64.908056
176.312425 64.869567
176.412482 64.789006
176.665419 64.843709
176.9686 64.775099
177.218805 64.815739
176.866433 65.040286
176.515109 64.987166
176.236316 65.035265
176.288102 65.090648
176.50291 65.052448
176.863142 65.087153
177.15065 64.957384
177.373197 64.897484
177.330608 64.832083
177.495987 64.719048
178.010023 64.666582
178.662197 64.675005
178.601833 64.636861
178.425185 64.616952
178.40706 64.588881
178.497635 64.573334
178.639252 64.599183
179.015436 64.750825
179.378695 64.817436
179.650622 64.980136
180.296204 65.219113
180.371843 65.405241
180.061384 65.385693
180.007785 65.313041
179.811421 65.333974
179.960882 65.422829
180.428088 65.438911
180.584722 65.50352
180.545336 65.638797
180.158366 65.86207
180.262643 66.155504
180.468499 66.117535
180.649554 66.160914
180.614143 66.316466
180.765246 66.279148
180.761666 66.383488
180.865472 66.338671
180.87243 66.186158
181.130781 66.199475
181.400529 66.374513
181.424188 66.239566
181.187708 66.011128
180.958364 66.038726
181.043038 65.910682
181.408528 65.714612
181.41844 65.477968
182.271606 65.470655
182.877885 65.599023
183.427658 65.567892
183.457273 65.511381
183.988055 65.38428
184.030913 65.071413
184.107231 64.931133
184.305613 64.894199
184.429424 64.777396
184.837984 64.764256
184.89806 64.848804
185.463946 64.650351
185.570333 64.65724
185.844291 64.467198
186.247018 64.355419
186.461951 64.39463
186.538841 64.60572
186.675333 64.428541
186.533919 64.320782
186.835376 64.254384
187.044137 64.360579
186.931326 64.481532
187.08399 64.500192
187.251438 64.395267
187.632917 64.414921
187.404932 64.564822
187.127664 64.609485
186.981661 64.57993
186.850292 64.644284
187.088316 64.744182
186.987303 64.812364
186.747085 64.797286
187.324389 64.899963
187.775582 65.072824
187.663999 65.201481
187.362583 65.223217
187.245241 65.263799
187.647652 65.260919
187.792536 65.454221
187.514181 65.446111
187.454966 65.611589
187.056156 65.693014
187.561324 65.666192
187.73495 65.542004
188.490282 65.533634
188.781159 65.484924
188.890877 65.545821
188.816485 65.638907
188.517842 65.724616
188.455686 65.849586
188.696319 65.713082
189.153237 65.617751
189.407299 65.657828
189.560074 65.956508
190.011723 66.047461
190.239138 66.00144
190.263796 66.108858
